529120576079
296022769723
68802443599
76078076777
480616032991
176155659587
947873523473
238102333409
809589029573
387074784751
598093564169
539604726779
674774634013
164461865189
464062006657
742573566139
43542721421
946437590083
335768084011
969651060803
189977647973
521818323277
109487160313
77308555579
502215835669
953951835449
881360033531
998696358133
326120300057
918229898447
150856037201
907423822973
255469808497
284989807147
659671104997
708431345161
127564950109
375132077953
938185177889
489838585813
377110285169
187227741697
992888403103
22442231561
67713898981
207757234183
553277646401
505462879517
737026920037
6298346317
612341235019
673191060203
75848080019
780338794057
439677694633
182873167391
22965334939
456780037817
297941569183
601150028519
129237542009
131647133369
146759597471
995062312589
220346730347
968980043573
755456078477
236183743573
638868181823
120319535443
938928675871
236312983061
455372788243
207160579151
679327900751
67432104059
592284781019
173695907971
451821492917
241282709279
768805461143
414928891031
970180077649
757346844521
770112161699
750762287567
78471170027
305679248041
167076548603
934413592921
881555783161
497842174363
888475070683
820698394231
84414734689
97653216743
568284972193
421167197327
542621728843
277911979769
801072289697
101955089833
850096844039
527360563963
687110232521
728898085957
623017374769
614809673741
